[profile_pic.jpg]
filters=tilt=1,-0.011897,0.000000;
moddate=0000881d54d20000
width=3930
height=3965
textactive=0
